P=6;
I=0.125;
D=0.25;
Tf=.01;
Ts=0.011;
sat=12;
sTs=Ts/3;